-10 7.06929e+08
-9.99 2.82176e-05
-9.98 1.44515e-05
-9.97 9.87145e-06
-9.96 7.58825e-06
-9.95 6.22401e-06
-9.94 5.31946e-06
-9.93 4.67776e-06
-9.92 4.20053e-06
-9.91 3.8331e-06
-9.9 3.54268e-06
-9.89 3.30842e-06
-9.88 3.11642e-06
-9.87 2.95706e-06
-9.86 2.82348e-06
-9.85 2.71067e-06
-9.84 2.61485e-06
-9.83 2.53316e-06
-9.82 2.46339e-06
-9.81 2.40377e-06
-9.8 2.35292e-06
-9.79 2.30972e-06
-9.78 2.27326e-06
-9.77 2.2428e-06
-9.76 2.21773e-06
-9.75 2.19755e-06
-9.74 2.18183e-06
-9.73 2.17024e-06
-9.72 2.16247e-06
-9.71 2.15831e-06
-9.7 2.15753e-06
-9.69 2.16e-06
-9.68 2.16556e-06
-9.67 2.17413e-06
-9.66 2.18563e-06
-9.65 2.19998e-06
-9.64 2.21717e-06
-9.63 2.23717e-06
-9.62 2.25997e-06
-9.61 2.28558e-06
-9.6 2.31405e-06
-9.59 2.3454e-06
-9.58 2.37971e-06
-9.57 2.41703e-06
-9.56 2.45746e-06
-9.55 2.50109e-06
-9.54 2.54806e-06
-9.53 2.59848e-06
-9.52 2.65252e-06
-9.51 2.71034e-06
-9.5 2.77213e-06
-9.49 2.8381e-06
-9.48 2.90848e-06
-9.47 2.98353e-06
-9.46 3.06354e-06
-9.45 3.14882e-06
-9.44 3.23972e-06
-9.43 3.33662e-06
-9.42 3.43995e-06
-9.41 3.55017e-06
-9.4 3.66781e-06
-9.39 3.79346e-06
-9.38 3.92774e-06
-9.37 4.07138e-06
-9.36 4.22519e-06
-9.35 4.39004e-06
-9.34 4.56696e-06
-9.33 4.75708e-06
-9.32 4.96166e-06
-9.31 5.18217e-06
-9.3 5.42023e-06
-9.29 5.67774e-06
-9.28 5.95683e-06
-9.27 6.25998e-06
-9.26 6.59004e-06
-9.25 6.95034e-06
-9.24 7.34476e-06
-9.23 7.77785e-06
-9.22 8.25502e-06
-9.21 8.78271e-06
-9.2 9.36863e-06
-9.19 1.00222e-05
-9.18 1.07548e-05
-9.17 1.15806e-05
-9.16 1.25174e-05
-9.15 1.35875e-05
-9.14 1.482e-05
-9.13 1.62525e-05
-9.12 1.79355e-05
-9.11 1.99378e-05
-9.1 2.23555e-05
-9.09 2.53279e-05
-9.08 2.90636e-05
-9.07 3.38906e-05
-9.06 4.03555e-05
-9.05 4.94426e-05
-9.04 6.312e-05
-9.03 8.59806e-05
-9.02 0.000131803
-9.01 0.00026948
-9 1.30384e+08
-8.99 -0.000281894
-8.98 -0.000144226
-8.97 -9.84183e-05
-8.96 -7.5579e-05
-8.95 -6.19289e-05
-8.94 -5.28754e-05
-8.93 -4.64502e-05
-8.92 -4.16693e-05
-8.91 -3.7986e-05
-8.9 -3.50726e-05
-8.89 -3.27203e-05
-8.88 -3.07902e-05
-8.87 -2.91862e-05
-8.86 -2.78395e-05
-8.85 -2.67001e-05
-8.84 -2.57301e-05
-8.83 -2.4901e-05
-8.82 -2.41905e-05
-8.81 -2.3581e-05
-8.8 -2.30586e-05
-8.79 -2.26121e-05
-8.78 -2.22325e-05
-8.77 -2.19122e-05
-8.76 -2.16451e-05
-8.75 -2.14261e-05
-8.74 -2.1251e-05
-8.73 -2.11164e-05
-8.72 -2.10192e-05
-8.71 -2.09571e-05
-8.7 -2.09281e-05
-8.69 -2.09304e-05
-8.68 -2.09626e-05
-8.67 -2.10239e-05
-8.66 -2.11131e-05
-8.65 -2.12298e-05
-8.64 -2.13735e-05
-8.63 -2.15439e-05
-8.62 -2.17409e-05
-8.61 -2.19645e-05
-8.6 -2.22149e-05
-8.59 -2.24924e-05
-8.58 -2.27976e-05
-8.57 -2.3131e-05
-8.56 -2.34933e-05
-8.55 -2.38855e-05
-8.54 -2.43085e-05
-8.53 -2.47636e-05
-8.52 -2.5252e-05
-8.51 -2.57753e-05
-8.5 -2.63352e-05
-8.49 -2.69335e-05
-8.48 -2.75724e-05
-8.47 -2.82541e-05
-8.46 -2.89811e-05
-8.45 -2.97564e-05
-8.44 -3.05829e-05
-8.43 -3.14643e-05
-8.42 -3.24043e-05
-8.41 -3.34071e-05
-8.4 -3.44775e-05
-8.39 -3.56206e-05
-8.38 -3.68422e-05
-8.37 -3.81489e-05
-8.36 -3.95477e-05
-8.35 -4.10469e-05
-8.34 -4.26554e-05
-8.33 -4.43835e-05
-8.32 -4.62427e-05
-8.31 -4.8246e-05
-8.3 -5.04082e-05
-8.29 -5.27462e-05
-8.28 -5.52794e-05
-8.27 -5.803e-05
-8.26 -6.10238e-05
-8.25 -6.42906e-05
-8.24 -6.78655e-05
-8.23 -7.17896e-05
-8.22 -7.61113e-05
-8.21 -8.08887e-05
-8.2 -8.61914e-05
-8.19 -9.21037e-05
-8.18 -9.87287e-05
-8.17 -0.000106194
-8.16 -0.000114659
-8.15 -0.000124326
-8.14 -0.000135455
-8.13 -0.000148385
-8.12 -0.000163572
-8.11 -0.000181633
-8.1 -0.000203435
-8.09 -0.00023023
-8.08 -0.000263897
-8.07 -0.000307387
-8.06 -0.000365621
-8.05 -0.000447455
-8.04 -0.000570605
-8.03 -0.000776405
-8.02 -0.00118886
-8.01 -0.00242802
-8 -5.81365e+08
-7.99 0.00253422
-7.98 0.00129515
-7.97 0.000882812
-7.96 0.000677188
-7.95 0.000554264
-7.94 0.000472706
-7.93 0.0004148
-7.92 0.00037169
-7.91 0.000338456
-7.9 0.000312146
-7.89 0.000290883
-7.88 0.000273417
-7.87 0.000258881
-7.86 0.000246658
-7.85 0.000236295
-7.84 0.000227454
-7.83 0.000219876
-7.82 0.00021336
-7.81 0.000207748
-7.8 0.000202916
-7.79 0.000198761
-7.78 0.000195201
-7.77 0.00019217
-7.76 0.000189611
-7.75 0.000187478
-7.74 0.000185734
-7.73 0.000184346
-7.72 0.000183288
-7.71 0.000182537
-7.7 0.000182074
-7.69 0.000181885
-7.68 0.000181956
-7.67 0.000182277
-7.66 0.00018284
-7.65 0.000183638
-7.64 0.000184667
-7.63 0.000185924
-7.62 0.000187406
-7.61 0.000189114
-7.6 0.000191048
-7.59 0.00019321
-7.58 0.000195603
-7.57 0.000198232
-7.56 0.000201103
-7.55 0.000204221
-7.54 0.000207594
-7.53 0.000211233
-7.52 0.000215147
-7.51 0.000219348
-7.5 0.000223849
-7.49 0.000228666
-7.48 0.000233814
-7.47 0.000239312
-7.46 0.00024518
-7.45 0.000251441
-7.44 0.00025812
-7.43 0.000265244
-7.42 0.000272844
-7.41 0.000280954
-7.4 0.000289611
-7.39 0.000298856
-7.38 0.000308738
-7.37 0.000319306
-7.36 0.000330619
-7.35 0.000342742
-7.34 0.000355746
-7.33 0.000369715
-7.32 0.000384739
-7.31 0.000400924
-7.3 0.000418388
-7.29 0.000437266
-7.28 0.000457713
-7.27 0.000479908
-7.26 0.000504056
-7.25 0.000530398
-7.24 0.000559212
-7.23 0.000590828
-7.22 0.000625635
-7.21 0.000664097
-7.2 0.00070677
-7.19 0.000754329
-7.18 0.000807601
-7.17 0.000867605
-7.16 0.000935617
-7.15 0.00101326
-7.14 0.0011026
-7.13 0.00120637
-7.12 0.0013282
-7.11 0.00147304
-7.1 0.00164782
-7.09 0.00186256
-7.08 0.00213229
-7.07 0.00248062
-7.06 0.00294691
-7.05 0.00360202
-7.04 0.00458766
-7.03 0.00623453
-7.02 0.00953468
-7.01 0.0194484
-7 3.0912e+09
-6.99 -0.0202485
-6.98 -0.0103353
-6.97 -0.00703601
-6.96 -0.00539041
-6.95 -0.0044064
-6.94 -0.00375329
-6.93 -0.00328937
-6.92 -0.00294378
-6.91 -0.00267718
-6.9 -0.00246595
-6.89 -0.00229507
-6.88 -0.00215453
-6.87 -0.0020374
-6.86 -0.00193873
-6.85 -0.00185492
-6.84 -0.00178324
-6.83 -0.00172163
-6.82 -0.00166847
-6.81 -0.00162251
-6.8 -0.00158274
-6.79 -0.00154835
-6.78 -0.00151866
-6.77 -0.00149316
-6.76 -0.00147138
-6.75 -0.00145296
-6.74 -0.00143758
-6.73 -0.001425
-6.72 -0.00141498
-6.71 -0.00140736
-6.7 -0.00140197
-6.69 -0.00139869
-6.68 -0.00139742
-6.67 -0.00139806
-6.66 -0.00140055
-6.65 -0.00140483
-6.64 -0.00141086
-6.63 -0.0014186
-6.62 -0.00142804
-6.61 -0.00143916
-6.6 -0.00145196
-6.59 -0.00146646
-6.58 -0.00148267
-6.57 -0.00150062
-6.56 -0.00152034
-6.55 -0.00154187
-6.54 -0.00156526
-6.53 -0.00159059
-6.52 -0.00161791
-6.51 -0.0016473
-6.5 -0.00167887
-6.49 -0.00171271
-6.48 -0.00174893
-6.47 -0.00178766
-6.46 -0.00182904
-6.45 -0.00187324
-6.44 -0.00192041
-6.43 -0.00197076
-6.42 -0.0020245
-6.41 -0.00208187
-6.4 -0.00214312
-6.39 -0.00220855
-6.38 -0.00227848
-6.37 -0.00235328
-6.36 -0.00243336
-6.35 -0.00251915
-6.34 -0.00261118
-6.33 -0.00271001
-6.32 -0.00281629
-6.31 -0.00293076
-6.3 -0.00305423
-6.29 -0.00318767
-6.28 -0.00333215
-6.27 -0.00348893
-6.26 -0.00365945
-6.25 -0.00384538
-6.24 -0.0040487
-6.23 -0.00427169
-6.22 -0.00451709
-6.21 -0.00478814
-6.2 -0.00508874
-6.19 -0.00542363
-6.18 -0.00579858
-6.17 -0.00622073
-6.16 -0.00669902
-6.15 -0.00724478
-6.14 -0.00787257
-6.13 -0.00860144
-6.12 -0.00945681
-6.11 -0.0104733
-6.1 -0.0116996
-6.09 -0.0132056
-6.08 -0.0150966
-6.07 -0.017538
-6.06 -0.0208052
-6.05 -0.0253942
-6.04 -0.0322972
-6.03 -0.0438288
-6.02 -0.0669334
-6.01 -0.136333
-6 -1.64208e+10
-5.99 0.141537
-5.98 0.0721401
-5.97 0.049041
-5.96 0.0375173
-5.95 0.0306245
-5.94 0.0260478
-5.93 0.0227953
-5.92 0.020371
-5.91 0.0184993
-5.9 0.0170151
-5.89 0.015813
-5.88 0.0148231
-5.87 0.0139969
-5.86 0.0132997
-5.85 0.0127062
-5.84 0.0121974
-5.83 0.0117587
-5.82 0.011379
-5.81 0.0110493
-5.8 0.0107626
-5.79 0.0105133
-5.78 0.0102965
-5.77 0.0101087
-5.76 0.00994652
-5.75 0.00980746
-5.74 0.0096893
-5.73 0.00959022
-5.72 0.00950868
-5.71 0.00944337
-5.7 0.00939321
-5.69 0.00935726
-5.68 0.00933477
-5.67 0.00932509
-5.66 0.00932768
-5.65 0.00934213
-5.64 0.0093681
-5.63 0.00940531
-5.62 0.0094536
-5.61 0.00951283
-5.6 0.00958296
-5.59 0.00966399
-5.58 0.00975599
-5.57 0.00985907
-5.56 0.0099734
-5.55 0.0100992
-5.54 0.0102368
-5.53 0.0103865
-5.52 0.0105487
-5.51 0.0107239
-5.5 0.0109127
-5.49 0.0111155
-5.48 0.0113331
-5.47 0.0115662
-5.46 0.0118156
-5.45 0.0120824
-5.44 0.0123675
-5.43 0.012672
-5.42 0.0129973
-5.41 0.0133448
-5.4 0.013716
-5.39 0.0141126
-5.38 0.0145367
-5.37 0.0149904
-5.36 0.0154761
-5.35 0.0159966
-5.34 0.0165549
-5.33 0.0171544
-5.32 0.017799
-5.31 0.0184931
-5.3 0.0192417
-5.29 0.0200504
-5.28 0.0209259
-5.27 0.0218756
-5.26 0.0229081
-5.25 0.0240336
-5.24 0.0252639
-5.23 0.0266126
-5.22 0.0280963
-5.21 0.0297343
-5.2 0.0315502
-5.19 0.0335723
-5.18 0.0358352
-5.17 0.0383819
-5.16 0.041266
-5.15 0.0445554
-5.14 0.0483376
-5.13 0.0527268
-5.12 0.0578757
-5.11 0.0639921
-5.1 0.0713673
-5.09 0.080422
-5.08 0.0917874
-5.07 0.106455
-5.06 0.126079
-5.05 0.153635
-5.04 0.195075
-5.03 0.264287
-5.02 0.402939
-5.01 0.819364
-5 7.85376e+10
-4.99 -0.847805
-4.98 -0.431398
-4.97 -0.292775
-4.96 -0.223603
-4.95 -0.182216
-4.94 -0.154724
-4.93 -0.135176
-4.92 -0.120596
-4.91 -0.109331
-4.9 -0.100389
-4.89 -0.0931388
-4.88 -0.0871601
-4.87 -0.0821618
-4.86 -0.0779363
-4.85 -0.0743313
-4.84 -0.0712326
-4.83 -0.0685533
-4.82 -0.0662257
-4.81 -0.0641966
-4.8 -0.0624234
-4.79 -0.0608718
-4.78 -0.059514
-4.77 -0.0583271
-4.76 -0.057292
-4.75 -0.0563929
-4.74 -0.0556166
-4.73 -0.054952
-4.72 -0.0543896
-4.71 -0.0539217
-4.7 -0.0535413
-4.69 -0.0532428
-4.68 -0.0530215
-4.67 -0.0528732
-4.66 -0.0527947
-4.65 -0.052783
-4.64 -0.0528361
-4.63 -0.0529519
-4.62 -0.0531292
-4.61 -0.053367
-4.6 -0.0536646
-4.59 -0.0540217
-4.58 -0.0544384
-4.57 -0.054915
-4.56 -0.0554521
-4.55 -0.0560507
-4.54 -0.056712
-4.53 -0.0574375
-4.52 -0.0582291
-4.51 -0.0590889
-4.5 -0.0600196
-4.49 -0.0610239
-4.48 -0.0621051
-4.47 -0.0632669
-4.46 -0.0645133
-4.45 -0.065849
-4.44 -0.067279
-4.43 -0.068809
-4.42 -0.0704454
-4.41 -0.0721952
-4.4 -0.0740662
-4.39 -0.0760671
-4.38 -0.0782076
-4.37 -0.0804986
-4.36 -0.0829521
-4.35 -0.0855819
-4.34 -0.088403
-4.33 -0.0914328
-4.32 -0.0946905
-4.31 -0.0981982
-4.3 -0.101981
-4.29 -0.106067
-4.28 -0.110489
-4.27 -0.115284
-4.26 -0.120497
-4.25 -0.126177
-4.24 -0.132383
-4.23 -0.139184
-4.22 -0.146663
-4.21 -0.154916
-4.2 -0.164061
-4.19 -0.17424
-4.18 -0.185626
-4.17 -0.198434
-4.16 -0.212932
-4.15 -0.22946
-4.14 -0.248455
-4.13 -0.270489
-4.12 -0.296323
-4.11 -0.327
-4.1 -0.363973
-4.09 -0.409348
-4.08 -0.46628
-4.07 -0.539729
-4.06 -0.637961
-4.05 -0.775857
-4.04 -0.983177
-4.03 -1.32937
-4.02 -2.02276
-4.01 -4.10501
-4 -3.2646e+11
-3.99 4.23055
-3.98 2.14836
-3.97 1.45509
-3.96 1.10907
-3.95 0.901967
-3.94 0.764336
-3.93 0.666419
-3.92 0.593334
-3.91 0.536816
-3.9 0.491906
-3.89 0.455449
-3.88 0.425341
-3.87 0.400128
-3.86 0.37877
-3.85 0.360507
-3.84 0.344766
-3.83 0.331113
-3.82 0.319208
-3.81 0.308786
-3.8 0.299632
-3.79 0.291576
-3.78 0.284477
-3.77 0.27822
-3.76 0.27271
-3.75 0.267866
-3.74 0.263623
-3.73 0.259923
-3.72 0.256719
-3.71 0.253971
-3.7 0.251644
-3.69 0.249709
-3.68 0.248141
-3.67 0.246918
-3.66 0.246023
-3.65 0.245441
-3.64 0.245159
-3.63 0.245167
-3.62 0.245457
-3.61 0.246022
-3.6 0.246857
-3.59 0.24796
-3.58 0.249328
-3.57 0.250962
-3.56 0.252862
-3.55 0.255031
-3.54 0.257472
-3.53 0.260192
-3.52 0.263195
-3.51 0.266491
-3.5 0.270088
-3.49 0.273997
-3.48 0.278231
-3.47 0.282803
-3.46 0.287729
-3.45 0.293028
-3.44 0.298719
-3.43 0.304824
-3.42 0.311369
-3.41 0.318381
-3.4 0.325891
-3.39 0.333934
-3.38 0.342549
-3.37 0.351779
-3.36 0.361671
-3.35 0.372281
-3.34 0.383669
-3.33 0.395904
-3.32 0.409063
-3.31 0.423234
-3.3 0.438517
-3.29 0.455027
-3.28 0.472892
-3.27 0.492264
-3.26 0.513317
-3.25 0.536251
-3.24 0.561302
-3.23 0.588748
-3.22 0.618916
-3.21 0.652196
-3.2 0.689056
-3.19 0.730066
-3.18 0.775918
-3.17 0.827471
-3.16 0.885799
-3.15 0.95226
-3.14 1.0286
-3.13 1.11712
-3.12 1.22085
-3.11 1.34397
-3.1 1.49229
-3.09 1.67423
-3.08 1.90242
-3.07 2.1967
-3.06 2.59012
-3.05 3.14222
-3.04 3.97204
-3.03 5.35734
-3.02 8.13148
-3.01 16.4611
-3 1.11739e+12
-2.99 -16.8799
-2.98 -8.55048
-2.97 -5.77671
-2.96 -4.39192
-2.95 -3.56277
-2.94 -3.01149
-2.93 -2.61902
-2.92 -2.32587
-2.91 -2.09895
-2.9 -1.91843
-2.89 -1.7717
-2.88 -1.65032
-2.87 -1.5485
-2.86 -1.46205
-2.85 -1.38795
-2.84 -1.3239
-2.83 -1.26816
-2.82 -1.21937
-2.81 -1.17647
-2.8 -1.1386
-2.79 -1.10507
-2.78 -1.07532
-2.77 -1.04889
-2.76 -1.02539
-2.75 -1.0045
-2.74 -0.985949
-2.73 -0.969512
-2.72 -0.954995
-2.71 -0.942232
-2.7 -0.931083
-2.69 -0.921426
-2.68 -0.913157
-2.67 -0.906189
-2.66 -0.900445
-2.65 -0.89586
-2.64 -0.89238
-2.63 -0.889957
-2.62 -0.888554
-2.61 -0.888139
-2.6 -0.888686
-2.59 -0.890175
-2.58 -0.892594
-2.57 -0.895933
-2.56 -0.900187
-2.55 -0.905359
-2.54 -0.911452
-2.53 -0.918477
-2.52 -0.926448
-2.51 -0.935384
-2.5 -0.945309
-2.49 -0.956251
-2.48 -0.968244
-2.47 -0.981326
-2.46 -0.995544
-2.45 -1.01095
-2.44 -1.02759
-2.43 -1.04555
-2.42 -1.06488
-2.41 -1.08568
-2.4 -1.10803
-2.39 -1.13204
-2.38 -1.15782
-2.37 -1.18549
-2.36 -1.21522
-2.35 -1.24714
-2.34 -1.28145
-2.33 -1.31836
-2.32 -1.35809
-2.31 -1.40091
-2.3 -1.44711
-2.29 -1.49704
-2.28 -1.55109
-2.27 -1.6097
-2.26 -1.67341
-2.25 -1.74281
-2.24 -1.81862
-2.23 -1.90166
-2.22 -1.99291
-2.21 -2.09355
-2.2 -2.20498
-2.19 -2.32891
-2.18 -2.46742
-2.17 -2.62308
-2.16 -2.79912
-2.15 -2.99962
-2.14 -3.22982
-2.13 -3.49658
-2.12 -3.80906
-2.11 -4.17974
-2.1 -4.6261
-2.09 -5.17338
-2.08 -5.85946
-2.07 -6.74386
-2.06 -7.92577
-2.05 -9.58377
-2.04 -12.075
-2.03 -16.2328
-2.02 -24.5571
-2.01 -49.5479
-2 -2.93428e+12
-1.99 50.4708
-1.98 25.4804
-1.97 17.1568
-1.96 13.0001
-1.95 10.5102
-1.94 8.85377
-1.93 7.67374
-1.92 6.79153
-1.91 6.10794
-1.9 5.56345
-1.89 5.1202
-1.88 4.75293
-1.87 4.44418
-1.86 4.18147
-1.85 3.95566
-1.84 3.75988
-1.83 3.5889
-1.82 3.43864
-1.81 3.30589
-1.8 3.18809
-1.79 3.08315
-1.78 2.9894
-1.77 2.90543
-1.76 2.83007
-1.75 2.76237
-1.74 2.7015
-1.73 2.64677
-1.72 2.59759
-1.71 2.55345
-1.7 2.51392
-1.69 2.47863
-1.68 2.44726
-1.67 2.41952
-1.66 2.39518
-1.65 2.37403
-1.64 2.35588
-1.63 2.34059
-1.62 2.32801
-1.61 2.31804
-1.6 2.31058
-1.59 2.30555
-1.58 2.30289
-1.57 2.30255
-1.56 2.30448
-1.55 2.30866
-1.54 2.31509
-1.53 2.32375
-1.52 2.33465
-1.51 2.34781
-1.5 2.36327
-1.49 2.38106
-1.48 2.40124
-1.47 2.42388
-1.46 2.44904
-1.45 2.47682
-1.44 2.50733
-1.43 2.54068
-1.42 2.57701
-1.41 2.61649
-1.4 2.65927
-1.39 2.70557
-1.38 2.7556
-1.37 2.80962
-1.36 2.86791
-1.35 2.93078
-1.34 2.9986
-1.33 3.07178
-1.32 3.15077
-1.31 3.23609
-1.3 3.32835
-1.29 3.42822
-1.28 3.53648
-1.27 3.65403
-1.26 3.78191
-1.25 3.92133
-1.24 4.07371
-1.23 4.24069
-1.22 4.42426
-1.21 4.62674
-1.2 4.85096
-1.19 5.10031
-1.18 5.37897
-1.17 5.69209
-1.16 6.04611
-1.15 6.44918
-1.14 6.91181
-1.13 7.44771
-1.12 8.07521
-1.11 8.81925
-1.1 9.71481
-1.09 10.8124
-1.08 12.1877
-1.07 13.9598
-1.06 16.3271
-1.05 19.6467
-1.04 24.633
-1.03 32.9525
-1.02 49.6053
-1.01 99.5913
-1 5.89655e+12
-0.99 -100.437
-0.98 -50.4512
-0.97 -33.799
-0.96 -25.4802
-0.95 -20.4948
-0.94 -17.1763
-0.93 -14.8103
-0.92 -13.0397
-0.91 -11.6662
-0.9 -10.5706
-0.89 -9.67718
-0.88 -8.93551
-0.87 -8.31062
-0.86 -7.77754
-0.85 -7.31797
-0.84 -6.91818
-0.83 -6.56768
-0.82 -6.25832
-0.81 -5.98366
-0.8 -5.73855
-0.79 -5.51885
-0.78 -5.32113
-0.77 -5.1426
-0.76 -4.98093
-0.75 -4.83415
-0.74 -4.70061
-0.73 -4.57891
-0.72 -4.46785
-0.71 -4.3664
-0.7 -4.27367
-0.69 -4.18889
-0.68 -4.1114
-0.67 -4.04061
-0.66 -3.976
-0.65 -3.91715
-0.64 -3.86365
-0.63 -3.81516
-0.62 -3.77138
-0.61 -3.73205
-0.6 -3.69693
-0.59 -3.66583
-0.58 -3.63857
-0.57 -3.615
-0.56 -3.59499
-0.55 -3.57843
-0.54 -3.56523
-0.53 -3.55533
-0.52 -3.54867
-0.51 -3.5452
-0.5 -3.54491
-0.49 -3.54779
-0.48 -3.55384
-0.47 -3.5631
-0.46 -3.57559
-0.45 -3.59139
-0.44 -3.61055
-0.43 -3.63317
-0.42 -3.65936
-0.41 -3.68924
-0.4 -3.72298
-0.39 -3.76074
-0.38 -3.80273
-0.37 -3.84918
-0.36 -3.90036
-0.35 -3.95656
-0.34 -4.01813
-0.33 -4.08547
-0.32 -4.15901
-0.31 -4.23928
-0.3 -4.32685
-0.29 -4.4224
-0.28 -4.52669
-0.27 -4.64062
-0.26 -4.76521
-0.25 -4.90167
-0.24 -5.0514
-0.23 -5.21605
-0.22 -5.3976
-0.21 -5.59836
-0.2 -5.82115
-0.19 -6.06937
-0.18 -6.34719
-0.17 -6.65975
-0.16 -7.01348
-0.15 -7.41656
-0.14 -7.87946
-0.13 -8.41592
-0.12 -9.04423
-0.11 -9.78937
-0.1 -10.6863
-0.09 -11.7855
-0.08 -13.1627
-0.07 -14.937
-0.06 -17.3067
-0.05 -20.6291
-0.04 -25.6183
-0.03 -33.9411
-0.02 -50.5974
-0.01 -100.587
-1.68889e-13 -5.92104e+12
0.01 99.4326
0.02 49.4422
0.03 32.785
0.04 24.461
0.05 19.4701
0.06 16.1457
0.07 13.7736
0.08 11.9966
0.09 10.6162
0.1 9.51351
0.11 8.61269
0.12 7.86325
0.13 7.23024
0.14 6.68869
0.15 6.22027
0.16 5.81127
0.17 5.45117
0.18 5.13182
0.19 4.84676
0.2 4.59084
0.21 4.35989
0.22 4.15048
0.23 3.9598
0.24 3.7855
0.25 3.62561
0.26 3.47845
0.27 3.3426
0.28 3.21685
0.29 3.10014
0.3 2.99157
0.31 2.89034
0.32 2.79575
0.33 2.70721
0.34 2.62416
0.35 2.54615
0.36 2.47273
0.37 2.40355
0.38 2.33826
0.39 2.27655
0.4 2.21816
0.41 2.16284
0.42 2.11037
0.43 2.06055
0.44 2.01319
0.45 1.96814
0.46 1.92523
0.47 1.88433
0.48 1.84531
0.49 1.80805
0.5 1.77245
0.51 1.73842
0.52 1.70584
0.53 1.67466
0.54 1.64477
0.55 1.61612
0.56 1.58864
0.57 1.56226
0.58 1.53693
0.59 1.51259
0.6 1.48919
0.61 1.46669
0.62 1.44504
0.63 1.4242
0.64 1.40413
0.65 1.3848
0.66 1.36616
0.67 1.3482
0.68 1.33088
0.69 1.31418
0.7 1.29806
0.71 1.2825
0.72 1.26747
0.73 1.25297
0.74 1.23895
0.75 1.22542
0.76 1.21234
0.77 1.19969
0.78 1.18747
0.79 1.17566
0.8 1.16423
0.81 1.15318
0.82 1.14249
0.83 1.13216
0.84 1.12216
0.85 1.11248
0.86 1.10312
0.87 1.09407
0.88 1.08531
0.89 1.07683
0.9 1.06863
0.91 1.06069
0.92 1.05302
0.93 1.04559
0.94 1.0384
0.95 1.03145
0.96 1.02473
0.97 1.01823
0.98 1.01195
0.99 1.00587
1 1
1.01 0.994326
1.02 0.988844
1.03 0.98355
1.04 0.978438
1.05 0.973504
1.06 0.968744
1.07 0.964152
1.08 0.959725
1.09 0.955459
1.1 0.951351
1.11 0.947395
1.12 0.94359
1.13 0.939931
1.14 0.936416
1.15 0.933041
1.16 0.929803
1.17 0.9267
1.18 0.923728
1.19 0.920885
1.2 0.918169
1.21 0.915576
1.22 0.913106
1.23 0.910755
1.24 0.908521
1.25 0.906402
1.26 0.904397
1.27 0.902503
1.28 0.900718
1.29 0.899042
1.3 0.897471
1.31 0.896004
1.32 0.89464
1.33 0.893378
1.34 0.892215
1.35 0.891151
1.36 0.890185
1.37 0.889313
1.38 0.888537
1.39 0.887854
1.4 0.887264
1.41 0.886765
1.42 0.886356
1.43 0.886036
1.44 0.885805
1.45 0.885661
1.46 0.885604
1.47 0.885633
1.48 0.885747
1.49 0.885945
1.5 0.886227
1.51 0.886592
1.52 0.887039
1.53 0.887568
1.54 0.888178
1.55 0.888868
1.56 0.889639
1.57 0.89049
1.58 0.89142
1.59 0.892428
1.6 0.893515
1.61 0.894681
1.62 0.895924
1.63 0.897244
1.64 0.898642
1.65 0.900117
1.66 0.901668
1.67 0.903296
1.68 0.905001
1.69 0.906782
1.7 0.908639
1.71 0.910572
1.72 0.912581
1.73 0.914665
1.74 0.916826
1.75 0.919063
1.76 0.921375
1.77 0.923763
1.78 0.926227
1.79 0.928767
1.8 0.931384
1.81 0.934076
1.82 0.936845
1.83 0.93969
1.84 0.942612
1.85 0.945611
1.86 0.948687
1.87 0.95184
1.88 0.955071
1.89 0.958379
1.9 0.961766
1.91 0.965231
1.92 0.968774
1.93 0.972397
1.94 0.976099
1.95 0.979881
1.96 0.983743
1.97 0.987685
1.98 0.991708
1.99 0.995813
2 1
2.01 1.00427
2.02 1.00862
2.03 1.01306
2.04 1.01758
2.05 1.02218
2.06 1.02687
2.07 1.03164
2.08 1.0365
2.09 1.04145
2.1 1.04649
2.11 1.05161
2.12 1.05682
2.13 1.06212
2.14 1.06751
2.15 1.073
2.16 1.07857
2.17 1.08424
2.18 1.09
2.19 1.09585
2.2 1.1018
2.21 1.10785
2.22 1.11399
2.23 1.12023
2.24 1.12657
2.25 1.133
2.26 1.13954
2.27 1.14618
2.28 1.15292
2.29 1.15976
2.3 1.16671
2.31 1.17377
2.32 1.18093
2.33 1.18819
2.34 1.19557
2.35 1.20305
2.36 1.21065
2.37 1.21836
2.38 1.22618
2.39 1.23412
2.4 1.24217
2.41 1.25034
2.42 1.25863
2.43 1.26703
2.44 1.27556
2.45 1.28421
2.46 1.29298
2.47 1.30188
2.48 1.31091
2.49 1.32006
2.5 1.32934
2.51 1.33875
2.52 1.3483
2.53 1.35798
2.54 1.36779
2.55 1.37775
2.56 1.38784
2.57 1.39807
2.58 1.40844
2.59 1.41896
2.6 1.42962
2.61 1.44044
2.62 1.4514
2.63 1.46251
2.64 1.47377
2.65 1.48519
2.66 1.49677
2.67 1.50851
2.68 1.5204
2.69 1.53246
2.7 1.54469
2.71 1.55708
2.72 1.56964
2.73 1.58237
2.74 1.59528
2.75 1.60836
2.76 1.62162
2.77 1.63506
2.78 1.64868
2.79 1.66249
2.8 1.67649
2.81 1.69068
2.82 1.70506
2.83 1.71963
2.84 1.73441
2.85 1.74938
2.86 1.76456
2.87 1.77994
2.88 1.79553
2.89 1.81134
2.9 1.82736
2.91 1.84359
2.92 1.86005
2.93 1.87673
2.94 1.89363
2.95 1.91077
2.96 1.92814
2.97 1.94574
2.98 1.96358
2.99 1.98167
3 2
3.01 2.01858
3.02 2.03741
3.03 2.0565
3.04 2.07585
3.05 2.09547
3.06 2.11535
3.07 2.1355
3.08 2.15593
3.09 2.17663
3.1 2.19762
3.11 2.21889
3.12 2.24046
3.13 2.26232
3.14 2.28448
3.15 2.30694
3.16 2.32971
3.17 2.3528
3.18 2.3762
3.19 2.39992
3.2 2.42397
3.21 2.44834
3.22 2.47306
3.23 2.49811
3.24 2.52351
3.25 2.54926
3.26 2.57536
3.27 2.60183
3.28 2.62866
3.29 2.65586
3.3 2.68344
3.31 2.7114
3.32 2.73975
3.33 2.76849
3.34 2.79763
3.35 2.82718
3.36 2.85714
3.37 2.88751
3.38 2.91831
3.39 2.94954
3.4 2.98121
3.41 3.01331
3.42 3.04587
3.43 3.07889
3.44 3.11236
3.45 3.14631
3.46 3.18074
3.47 3.21565
3.48 3.25105
3.49 3.28695
3.5 3.32335
3.51 3.36027
3.52 3.39771
3.53 3.43569
3.54 3.4742
3.55 3.51325
3.56 3.55286
3.57 3.59304
3.58 3.63378
3.59 3.67511
3.6 3.71702
3.61 3.75954
3.62 3.80266
3.63 3.8464
3.64 3.89076
3.65 3.93576
3.66 3.98141
3.67 4.02771
3.68 4.07468
3.69 4.12232
3.7 4.17065
3.71 4.21968
3.72 4.26942
3.73 4.31987
3.74 4.37106
3.75 4.42299
3.76 4.47567
3.77 4.52912
3.78 4.58334
3.79 4.63836
3.8 4.69417
3.81 4.75081
3.82 4.80826
3.83 4.86656
3.84 4.92572
3.85 4.98573
3.86 5.04664
3.87 5.10843
3.88 5.17114
3.89 5.23476
3.9 5.29933
3.91 5.36485
3.92 5.43134
3.93 5.49881
3.94 5.56728
3.95 5.63676
3.96 5.70728
3.97 5.77885
3.98 5.85148
3.99 5.92519
4 6
4.01 6.07593
4.02 6.15299
4.03 6.23121
4.04 6.3106
4.05 6.39118
4.06 6.47297
4.07 6.55599
4.08 6.64025
4.09 6.72579
4.1 6.81262
4.11 6.90076
4.12 6.99024
4.13 7.08106
4.14 7.17327
4.15 7.26687
4.16 7.3619
4.17 7.45837
4.18 7.55631
4.19 7.65574
4.2 7.75669
4.21 7.85918
4.22 7.96324
4.23 8.06889
4.24 8.17617
4.25 8.28509
4.26 8.39568
4.27 8.50797
4.28 8.62199
4.29 8.73778
4.3 8.85534
4.31 8.97473
4.32 9.09596
4.33 9.21907
4.34 9.34409
4.35 9.47105
4.36 9.59998
4.37 9.73092
4.38 9.86389
4.39 9.99894
4.4 10.1361
4.41 10.2754
4.42 10.4169
4.43 10.5606
4.44 10.7065
4.45 10.8548
4.46 11.0053
4.47 11.1583
4.48 11.3136
4.49 11.4714
4.5 11.6317
4.51 11.7946
4.52 11.96
4.53 12.128
4.54 12.2987
4.55 12.472
4.56 12.6482
4.57 12.8271
4.58 13.0089
4.59 13.1936
4.6 13.3813
4.61 13.5719
4.62 13.7656
4.63 13.9624
4.64 14.1624
4.65 14.3655
4.66 14.5719
4.67 14.7817
4.68 14.9948
4.69 15.2114
4.7 15.4314
4.71 15.655
4.72 15.8822
4.73 16.1131
4.74 16.3478
4.75 16.5862
4.76 16.8285
4.77 17.0748
4.78 17.325
4.79 17.5794
4.8 17.8379
4.81 18.1006
4.82 18.3676
4.83 18.6389
4.84 18.9147
4.85 19.1951
4.86 19.48
4.87 19.7696
4.88 20.064
4.89 20.3632
4.9 20.6674
4.91 20.9766
4.92 21.2908
4.93 21.6103
4.94 21.9351
4.95 22.2652
4.96 22.6008
4.97 22.942
4.98 23.2889
4.99 23.6415
5 24
5.01 24.3645
5.02 24.735
5.03 25.1118
5.04 25.4948
5.05 25.8843
5.06 26.2802
5.07 26.6829
5.08 27.0922
5.09 27.5085
5.1 27.9318
5.11 28.3621
5.12 28.7998
5.13 29.2448
5.14 29.6973
5.15 30.1575
5.16 30.6255
5.17 31.1014
5.18 31.5854
5.19 32.0776
5.2 32.5781
5.21 33.0872
5.22 33.6049
5.23 34.1314
5.24 34.6669
5.25 35.2116
5.26 35.7656
5.27 36.329
5.28 36.9021
5.29 37.4851
5.3 38.078
5.31 38.6811
5.32 39.2945
5.33 39.9186
5.34 40.5533
5.35 41.1991
5.36 41.8559
5.37 42.5241
5.38 43.2038
5.39 43.8954
5.4 44.5988
5.41 45.3145
5.42 46.0426
5.43 46.7834
5.44 47.537
5.45 48.3038
5.46 49.0839
5.47 49.8776
5.48 50.6851
5.49 51.5068
5.5 52.3428
5.51 53.1934
5.52 54.059
5.53 54.9397
5.54 55.8359
5.55 56.7478
5.56 57.6758
5.57 58.62
5.58 59.581
5.59 60.5588
5.6 61.5539
5.61 62.5666
5.62 63.5972
5.63 64.646
5.64 65.7134
5.65 66.7997
5.66 67.9053
5.67 69.0305
5.68 70.1757
5.69 71.3413
5.7 72.5276
5.71 73.7351
5.72 74.9641
5.73 76.2151
5.74 77.4884
5.75 78.7845
5.76 80.1038
5.77 81.4467
5.78 82.8137
5.79 84.2052
5.8 85.6217
5.81 87.0637
5.82 88.5317
5.83 90.0261
5.84 91.5474
5.85 93.0961
5.86 94.6729
5.87 96.2781
5.88 97.9123
5.89 99.5762
5.9 101.27
5.91 102.995
5.92 104.751
5.93 106.539
5.94 108.359
5.95 110.213
5.96 112.1
5.97 114.022
5.98 115.979
5.99 117.971
6 120
6.01 122.066
6.02 124.17
6.03 126.312
6.04 128.494
6.05 130.716
6.06 132.978
6.07 135.282
6.08 137.629
6.09 140.018
6.1 142.452
6.11 144.931
6.12 147.455
6.13 150.026
6.14 152.644
6.15 155.311
6.16 158.028
6.17 160.794
6.18 163.612
6.19 166.482
6.2 169.406
6.21 172.384
6.22 175.417
6.23 178.507
6.24 181.655
6.25 184.861
6.26 188.127
6.27 191.454
6.28 194.843
6.29 198.296
6.3 201.813
6.31 205.397
6.32 209.047
6.33 212.766
6.34 216.555
6.35 220.415
6.36 224.348
6.37 228.354
6.38 232.437
6.39 236.596
6.4 240.834
6.41 245.152
6.42 249.551
6.43 254.034
6.44 258.601
6.45 263.255
6.46 267.998
6.47 272.83
6.48 277.754
6.49 282.772
6.5 287.885
6.51 293.096
6.52 298.406
6.53 303.817
6.54 309.331
6.55 314.95
6.56 320.677
6.57 326.514
6.58 332.462
6.59 338.524
6.6 344.702
6.61 350.999
6.62 357.416
6.63 363.957
6.64 370.624
6.65 377.418
6.66 384.344
6.67 391.403
6.68 398.598
6.69 405.932
6.7 413.408
6.71 421.027
6.72 428.795
6.73 436.712
6.74 444.783
6.75 453.011
6.76 461.398
6.77 469.947
6.78 478.663
6.79 487.548
6.8 496.606
6.81 505.84
6.82 515.254
6.83 524.852
6.84 534.637
6.85 544.612
6.86 554.783
6.87 565.152
6.88 575.725
6.89 586.504
6.9 597.494
6.91 608.7
6.92 620.125
6.93 631.775
6.94 643.654
6.95 655.766
6.96 668.117
6.97 680.71
6.98 693.552
6.99 706.647
7 720
7.01 733.617
7.02 747.502
7.03 761.663
7.04 776.103
7.05 790.829
7.06 805.847
7.07 821.162
7.08 836.782
7.09 852.711
7.1 868.957
7.11 885.525
7.12 902.424
7.13 919.658
7.14 937.236
7.15 955.164
7.16 973.45
7.17 992.1
7.18 1011.12
7.19 1030.53
7.2 1050.32
7.21 1070.51
7.22 1091.1
7.23 1112.1
7.24 1133.53
7.25 1155.38
7.26 1177.67
7.27 1200.42
7.28 1223.62
7.29 1247.28
7.3 1271.42
7.31 1296.05
7.32 1321.18
7.33 1346.81
7.34 1372.96
7.35 1399.63
7.36 1426.85
7.37 1454.62
7.38 1482.95
7.39 1511.85
7.4 1541.34
7.41 1571.42
7.42 1602.12
7.43 1633.44
7.44 1665.39
7.45 1698
7.46 1731.27
7.47 1765.21
7.48 1799.85
7.49 1835.19
7.5 1871.25
7.51 1908.05
7.52 1945.6
7.53 1983.92
7.54 2023.02
7.55 2062.92
7.56 2103.64
7.57 2145.19
7.58 2187.6
7.59 2230.87
7.6 2275.03
7.61 2320.1
7.62 2366.09
7.63 2413.03
7.64 2460.94
7.65 2509.83
7.66 2559.73
7.67 2610.66
7.68 2662.63
7.69 2715.68
7.7 2769.83
7.71 2825.09
7.72 2881.5
7.73 2939.07
7.74 2997.84
7.75 3057.82
7.76 3119.05
7.77 3181.54
7.78 3245.34
7.79 3310.45
7.8 3376.92
7.81 3444.77
7.82 3514.03
7.83 3584.74
7.84 3656.91
7.85 3730.59
7.86 3805.81
7.87 3882.6
7.88 3960.99
7.89 4041.01
7.9 4122.71
7.91 4206.12
7.92 4291.27
7.93 4378.2
7.94 4466.96
7.95 4557.58
7.96 4650.09
7.97 4744.55
7.98 4840.99
7.99 4939.46
8 5040
8.01 5142.65
8.02 5247.47
8.03 5354.49
8.04 5463.76
8.05 5575.35
8.06 5689.28
8.07 5805.62
8.08 5924.41
8.09 6045.72
8.1 6169.59
8.11 6296.09
8.12 6425.26
8.13 6557.16
8.14 6691.86
8.15 6829.42
8.16 6969.9
8.17 7113.36
8.18 7259.87
8.19 7409.49
8.2 7562.29
8.21 7718.34
8.22 7877.72
8.23 8040.49
8.24 8206.73
8.25 8376.51
8.26 8549.92
8.27 8727.03
8.28 8907.92
8.29 9092.68
8.3 9281.39
8.31 9474.14
8.32 9671.02
8.33 9872.11
8.34 10077.5
8.35 10287.3
8.36 10501.6
8.37 10720.5
8.38 10944.1
8.39 11172.6
8.4 11405.9
8.41 11644.2
8.42 11887.7
8.43 12136.4
8.44 12390.5
8.45 12650.1
8.46 12915.2
8.47 13186.1
8.48 13462.9
8.49 13745.6
8.5 14034.4
8.51 14329.5
8.52 14630.9
8.53 14938.9
8.54 15253.6
8.55 15575.1
8.56 15903.5
8.57 16239.1
8.58 16582
8.59 16932.3
8.6 17290.2
8.61 17656
8.62 18029.6
8.63 18411.5
8.64 18801.6
8.65 19200.2
8.66 19607.5
8.67 20023.7
8.68 20449
8.69 20883.6
8.7 21327.7
8.71 21781.5
8.72 22245.2
8.73 22719
8.74 23203.3
8.75 23698.1
8.76 24203.8
8.77 24720.6
8.78 25248.7
8.79 25788.4
8.8 26340
8.81 26903.7
8.82 27479.8
8.83 28068.5
8.84 28670.2
8.85 29285.2
8.86 29913.7
8.87 30556
8.88 31212.6
8.89 31883.6
8.9 32569.4
8.91 33270.4
8.92 33986.8
8.93 34719.2
8.94 35467.7
8.95 36232.7
8.96 37014.7
8.97 37814.1
8.98 38631.1
8.99 39466.3
9 40320
9.01 41192.7
9.02 42084.7
9.03 42996.5
9.04 43928.7
9.05 44881.5
9.06 45855.6
9.07 46851.3
9.08 47869.3
9.09 48909.9
9.1 49973.7
9.11 51061.3
9.12 52173.1
9.13 53309.7
9.14 54471.8
9.15 55659.8
9.16 56874.4
9.17 58116.1
9.18 59385.7
9.19 60683.7
9.2 62010.8
9.21 63367.6
9.22 64754.8
9.23 66173.2
9.24 67623.4
9.25 69106.2
9.26 70622.3
9.27 72172.5
9.28 73757.6
9.29 75378.3
9.3 77035.6
9.31 78730.1
9.32 80462.8
9.33 82234.7
9.34 84046.4
9.35 85899.1
9.36 87793.6
9.37 89730.9
9.38 91711.9
9.39 93737.8
9.4 95809.5
9.41 97928
9.42 100095
9.43 102310
9.44 104576
9.45 106893
9.46 109263
9.47 111687
9.48 114165
9.49 116700
9.5 119292
9.51 121944
9.52 124656
9.53 127429
9.54 130266
9.55 133167
9.56 136134
9.57 139169
9.58 142274
9.59 145449
9.6 148696
9.61 152018
9.62 155416
9.63 158891
9.64 162446
9.65 166082
9.66 169801
9.67 173606
9.68 177498
9.69 181479
9.7 185551
9.71 189717
9.72 193978
9.73 198337
9.74 202797
9.75 207359
9.76 212025
9.77 216800
9.78 221684
9.79 226680
9.8 231792
9.81 237021
9.82 242371
9.83 247845
9.84 253445
9.85 259174
9.86 265035
9.87 271032
9.88 277168
9.89 283445
9.9 289868
9.91 296439
9.92 303163
9.93 310042
9.94 317081
9.95 324283
9.96 331652
9.97 339192
9.98 346908
9.99 354802
10 362880
