A=
        1         2         3 
        2         3         4 
        3         4         5 
B=
        1         2         3 
        2         3         4 
        3         4         5 
B after B(0, 0)=9
        1         2         3 
        9         3         4 
        3         4         5 
A after B(0, 0)=9
        1         2         3 
        2         3         4 
        3         4         5 
A*2=
        2         4         6 
        4         6         8 
        6         8        10 
A/2=
      0.5         1       1.5 
        1       1.5         2 
      1.5         2       2.5 
C=
        2         4         6 
        4         6         8 
        6         8        10 
v=
        1         3         5 
v+v=
        2         6        10 
v-v=
        0         0         0 
v*2=
        2         6        10 
A after A.setCol(2, v)
        1         2         1 
        2         3         3 
        3         4         5 
A=
        1         2         1 
        2         3         3 
        3         4         5 
B=
        1         2         3 
        9         3         4 
        3         4         5 
D=
       22        12        16 
       38        25        33 
       54        38        50 
I_test=
        1 -5.551e-17 4.219e-15 
        0         1 7.092e-15 
1.332e-15 -2.776e-17         1 
