QR decompisition: 
A:
   0.7656    0.1428    0.6969    0.1768    0.7044 
   0.2954    0.8235    0.9185   0.07703    0.4226 
   0.4083     0.625    0.4247    0.7101    0.5569 
   0.4069   0.02895    0.9587     0.888    0.4327 
   0.5608    0.4432    0.1024    0.5976    0.8666 
   0.3656    0.8961    0.8384    0.8648    0.9961 
   0.5903    0.1942    0.4234    0.4117    0.1026 
  0.07871    0.4742    0.3571    0.8442    0.8999 
Q:
   0.5693   -0.3684    0.0734   -0.3373    0.5246 
   0.2197    0.5198    0.3003   -0.6071  -0.08556 
   0.3036    0.2763    -0.212    0.1791   -0.3718 
   0.3025   -0.2362     0.703    0.4376   -0.1044 
    0.417   0.02174   -0.5788     0.182    0.2073 
   0.2719    0.5372    0.1175    0.1192   0.08321 
   0.4389   -0.2116   -0.1141  0.002806   -0.6083 
  0.05853    0.3579   0.05853    0.4967    0.3852 
R:
    1.345     1.002     1.495     1.316     1.524 
        0     1.161    0.6023    0.6539    0.8661 
        0         0    0.9228     0.268   0.02117 
        0         0         0     1.042    0.5186 
        0         0         0         0    0.6279 
R is upper triangular. 
Q^T:
   0.5693    0.2197    0.3036    0.3025     0.417    0.2719    0.4389   0.05853 
  -0.3684    0.5198    0.2763   -0.2362   0.02174    0.5372   -0.2116    0.3579 
   0.0734    0.3003    -0.212     0.703   -0.5788    0.1175   -0.1141   0.05853 
  -0.3373   -0.6071    0.1791    0.4376     0.182    0.1192  0.002806    0.4967 
   0.5246  -0.08556   -0.3718   -0.1044    0.2073   0.08321   -0.6083    0.3852 
Q^T * Q:
        1 1.388e-16 9.324e-17 1.978e-16 -1.769e-16 
1.388e-16         1 -1.076e-16 -1.943e-16 -8.327e-17 
9.324e-17 -1.076e-16         1 -5.204e-17  4.51e-17 
1.978e-16 -1.943e-16 -5.204e-17         1 -8.327e-17 
-1.769e-16 -8.327e-17  4.51e-17 -8.327e-17         1 
Q^T * Q is the identity matrix. 
Q * R:
   0.7656    0.1428    0.6969    0.1768    0.7044 
   0.2954    0.8235    0.9185   0.07703    0.4226 
   0.4083     0.625    0.4247    0.7101    0.5569 
   0.4069   0.02895    0.9587     0.888    0.4327 
   0.5608    0.4432    0.1024    0.5976    0.8666 
   0.3656    0.8961    0.8384    0.8648    0.9961 
   0.5903    0.1942    0.4234    0.4117    0.1026 
  0.07871    0.4742    0.3571    0.8442    0.8999 
Q * R equals A. 
QR solve: 
A_square:
  0.05352    0.3993    0.5151  0.001846    0.7688 
   0.5244    0.2663   0.08928    0.0701    0.1493 
   0.1337    0.6307    0.8524    0.2781    0.6181 
   0.4198    0.8275    0.7792    0.9332    0.7279 
   0.6448    0.8119    0.3561    0.4213    0.9814 
b:
    0.611    0.7977     0.961    0.7817     0.365 
x:
    2.556    -3.133     2.871   -0.1817    0.3207 
A * x:
    0.611    0.7977     0.961    0.7817     0.365 
A * x equals b. 
abs(det) of A via R: 0.942223
abs(det) of A_square via R: 0.0219504
Matrix inverseB:
    2.315     3.635    -2.083     1.231    -1.967 
   -7.544    -4.443     6.429    -4.077     5.561 
    2.418     2.422   -0.4901     1.265    -2.892 
   0.9493  -0.05483    -2.123     2.157   -0.9985 
    3.436    0.4323    -2.861     1.179   -0.8114 
A * B:
        1 -2.22e-16 4.441e-16         0         0 
-2.22e-16         1  1.11e-16 -3.053e-16 6.523e-16 
4.441e-16  2.22e-16         1         0 -2.22e-16 
        0 5.551e-17 -8.882e-16         1  1.11e-16 
        0 -2.22e-16 -4.441e-16 -4.441e-16         1 
AB equals I. 
